0;340;619;1023;240;960
340;0;110;300;189;2016
619;110;0;450;1190;290
1023;300;450;0;700;520
240;189;1190;700;0;661
960;2016;290;520;661;0
